TARGET: "TIC 142748283"
#FILE: time-series_S2.csv
SECTORS: all
EXPOSURE_TIME: 120
MIN_PERIOD: 0.5
MAX_PERIOD: 2
STEPS_PERIOD: 5
MIN_RADIUS: 0.5
MAX_RADIUS: 3
RUN_LIMIT: 3
STEPS_RADIUS: 4
PHASES: 2
DETREND_WS: 0.5992
CPUS: 7
KNOWN_TRANSITS:
  - P: 3.11903542351413
    T0: 1684.832891
    D: 1.27
  - P: 6.38780003037177
    T0: 1687.538145
    D: 1.39